-6.431455999999999840e+00 1.707481000000000027e+00 -1.636837000000000097e+00
-2.900815000000000143e+00 -2.608039000000000218e+00 2.304806000000000132e+00
-3.084265999999999952e+00 -2.798799999999999955e+00 2.236429999999999918e+00
-4.088486999999999760e+00 -3.528420999999999808e+00 2.433011000000000035e+00
-4.574467000000000283e+00 -3.333791999999999867e+00 2.883548999999999918e+00
-2.888589000000000073e+00 -2.228394999999999904e+00 3.907614999999999839e+00
-6.514179000000000386e+00 -2.197191000000000116e+00 3.367059999999999942e+00
-6.170715000000000394e+00 -2.985478000000000076e+00 2.254617000000000093e+00
-5.631552000000000113e+00 -4.092799999999999772e-01 -4.495879999999999876e-01
-7.315739999999999910e+00 2.452596000000000220e+00 6.883690000000000087e-01
-5.764733999999999803e+00 3.286261000000000099e+00 -6.164520000000000000e-01
-7.413630000000000386e+00 9.009239999999999471e-01 2.495155000000000012e+00
-7.730680999999999692e+00 1.252999999999999892e+00 -4.207029999999999936e-01
-7.430717999999999712e+00 -7.188330000000000553e-01 6.940429999999999655e-01
-5.389464000000000254e+00 1.980467999999999895e+00 -1.736790999999999974e+00
-4.622499000000000358e+00 9.010200000000000153e-02 -6.677710000000000035e-01
-5.192904000000000408e+00 -3.237013000000000140e+00 1.243716000000000044e+00
-6.096625000000000405e+00 3.344488999999999823e+00 1.314249999999999863e-01
-7.261872000000000327e+00 1.492305999999999910e+00 -1.101531999999999956e+00
-6.498162999999999911e+00 -6.678819999999999757e-01 6.035200000000000287e-02
-3.828807999999999989e+00 -2.130453999999999848e+00 4.264982999999999969e+00
-2.606857999999999898e+00 -2.168769000000000169e+00 3.126578999999999997e+00
-2.762624000000000191e+00 -2.045488000000000195e+00 4.048672999999999966e+00
-3.817222999999999811e+00 -1.631502999999999926e+00 4.752430999999999628e+00
-1.788426999999999989e+00 -2.034437000000000051e+00 3.904710999999999821e+00
-2.523213999999999846e+00 -2.043368000000000073e+00 4.496326999999999963e+00
-3.343463999999999992e+00 -1.805959000000000092e+00 4.958617000000000274e+00
-3.317512999999999934e+00 -1.040893999999999986e+00 4.900172000000000416e+00
-2.011096000000000217e+00 -1.466655000000000042e+00 4.157320000000000348e+00
-1.962609999999999966e+00 -1.245160999999999962e+00 3.434172999999999920e+00
-3.689448000000000061e+00 -7.447380000000000111e-01 4.472806000000000282e+00
-2.424720999999999904e+00 -6.797860000000000014e-01 3.819189999999999863e+00
-4.973546999999999940e+00 -2.483321999999999807e+00 4.440375000000000405e+00
-6.226911999999999558e+00 -1.150314000000000059e+00 4.425483999999999973e+00
-2.488513000000000197e+00 -6.935120000000000173e-01 4.309660000000000046e+00
-7.002515999999999963e+00 -1.914423999999999904e+00 1.435152999999999901e+00
-3.870324000000000098e+00 -8.722020000000000328e-01 -4.720499999999999696e-02
-5.994277000000000299e+00 -1.997500000000000053e+00 6.484029999999999516e-01
-7.060722000000000165e+00 -9.997100000000000430e-02 3.451839999999999797e+00
-6.065549999999999997e+00 6.874710000000000543e-01 -1.082449999999999912e+00
-7.429388000000000325e+00 1.792602000000000029e+00 1.569552999999999976e+00
-7.600424000000000291e+00 4.145480000000000276e-01 8.095199999999999618e-02
-5.085411999999999821e+00 1.015009999999999968e+00 -1.298116999999999965e+00
-6.868712999999999624e+00 3.696900000000000186e-01 -4.995600000000000041e-01
-3.074984000000000162e+00 -1.667000999999999955e+00 4.336249999999999827e-01
-2.444093000000000071e+00 -1.885022999999999893e+00 2.956205000000000194e+00
-2.692092999999999847e+00 -1.846181999999999990e+00 1.110092000000000079e+00
-5.678144999999999776e+00 -1.703820000000000057e-01 4.591999000000000386e+00
-4.387074000000000140e+00 -5.023699999999999832e-01 4.530813000000000201e+00
-3.561440000000000161e+00 -3.091546999999999823e+00 2.269197000000000131e+00
-7.848559999999999981e+00 1.935451999999999950e+00 5.694099999999999856e-02
-7.785385999999999918e+00 -3.487200000000000022e-02 1.660091999999999901e+00
-5.068838999999999650e+00 -2.972404000000000046e+00 3.820168999999999926e+00
-5.636542000000000385e+00 2.911004000000000147e+00 -1.305628999999999929e+00
-6.557021999999999906e+00 2.751478000000000090e+00 -1.669898000000000104e+00
-7.368401999999999674e+00 -1.158361999999999892e+00 2.532226000000000088e+00
-7.852852999999999639e+00 1.031789000000000067e+00 8.444409999999999972e-01
-6.446928999999999910e+00 2.921993000000000062e+00 9.088060000000000027e-01
-6.277294000000000374e+00 1.587733000000000061e+00 2.913910000000000000e+00
-6.031352000000000046e+00 7.491379999999999706e-01 3.965905999999999931e+00
-6.509451000000000320e+00 2.329194000000000209e+00 1.893348000000000031e+00
-4.558929000000000009e+00 -2.076027999999999984e+00 4.534201999999999622e+00
-5.054415999999999798e+00 -1.273975000000000080e+00 4.604852000000000167e+00
-2.589723000000000219e+00 -2.335710000000000175e+00 2.646653999999999840e+00
-2.387023000000000117e+00 -2.221118000000000148e+00 2.148695000000000022e+00
-5.071423000000000236e+00 -1.582079000000000013e+00 8.375199999999999312e-02
-4.323008999999999880e+00 -2.800108999999999959e+00 8.642779999999999907e-01
-6.980061000000000071e+00 3.087363999999999997e+00 -1.588920000000000055e-01
-6.632204999999999906e+00 3.459745999999999988e+00 -6.913690000000000113e-01
-7.446797000000000111e+00 2.573564000000000185e+00 -8.194010000000000460e-01
-3.247434999999999850e+00 -1.026639000000000079e+00 9.587480000000000446e-01
-2.508398999999999823e+00 -1.082073999999999980e+00 2.134625000000000217e+00
-2.814716000000000218e+00 -1.220639000000000030e+00 1.377790999999999988e+00
-2.465180999999999845e+00 -1.326716000000000006e+00 1.798432999999999948e+00
-2.739567999999999781e+00 -5.078319999999999501e-01 2.718291999999999931e+00
-3.653233000000000175e+00 -3.693739999999999801e-01 3.805895000000000028e+00
-3.190761000000000180e+00 -2.929590000000000249e-01 3.275681000000000065e+00
-4.885472000000000037e+00 5.569380000000000441e-01 3.901225999999999861e+00
-4.240980000000000416e+00 -4.343899999999999845e-02 3.822185000000000166e+00
-3.716727000000000114e+00 1.525309999999999999e-01 3.023699999999999832e+00
-4.230019999999999669e+00 5.584280000000000355e-01 2.751704999999999846e+00
-3.259902999999999995e+00 -2.007210000000000105e-01 2.233305000000000096e+00
-3.692473000000000116e+00 3.649430000000000174e-01 1.971959000000000017e+00
-3.077665000000000095e+00 -5.823909999999999920e-01 1.726630000000000109e+00
-3.467560999999999893e+00 -2.348919999999999897e-01 1.336308000000000051e+00
-5.119913000000000380e+00 2.671256000000000075e+00 6.227699999999999902e-02
-4.910758000000000401e+00 1.827110000000000012e+00 -9.712779999999999747e-01
-5.507241999999999749e+00 2.848555999999999866e+00 5.142149999999999777e-01
-4.990922000000000303e+00 2.281115999999999921e+00 -5.903800000000000159e-01
-5.817110999999999699e+00 2.739056000000000157e+00 1.027131000000000016e+00
-4.611777000000000015e+00 1.241851000000000038e+00 -5.339949999999999974e-01
-5.715931000000000317e+00 2.339694999999999858e+00 1.524091000000000085e+00
-5.087733000000000061e+00 2.232728999999999964e+00 1.046885999999999983e+00
-4.705860000000000376e+00 2.042381999999999920e+00 5.384079999999999977e-01
-4.596587000000000423e+00 1.650908000000000042e+00 -2.407199999999999965e-02
-4.219725000000000392e+00 4.363400000000000056e-01 -5.638999999999999915e-03
-4.368814999999999671e+00 1.477254999999999985e+00 1.003476999999999952e+00
-4.779514999999999958e+00 1.690992000000000051e+00 1.648703000000000030e+00
-5.519002999999999659e+00 1.704252000000000100e+00 2.481615000000000126e+00
-4.180058999999999969e+00 1.025061999999999918e+00 5.059289999999999621e-01
-5.219717000000000162e+00 1.095024999999999915e+00 3.290516000000000219e+00
-4.500969999999999693e+00 1.130211999999999994e+00 2.323722000000000065e+00
-4.015717999999999677e+00 9.366139999999999466e-01 1.468352000000000102e+00
-3.852953999999999990e+00 4.155869999999999842e-01 9.301040000000000418e-01
-3.779640999999999806e+00 -3.438069999999999737e-01 5.220280000000000475e-01
-4.990166999999999575e+00 3.721093999999999902e+00 1.458912999999999904e+00
-1.103339999999999987e+00 -5.171799999999999731e-01 3.544687999999999839e+00
1.976340000000000041e-01 -5.841349999999999598e-01 1.722059999999999924e+00
-1.351998000000000033e+00 -1.700301999999999980e+00 1.201232000000000077e+00
1.550020000000000009e-01 4.548840000000000106e-01 9.069570000000000132e-01
-4.638523000000000174e+00 3.057519000000000098e+00 3.361904000000000003e+00
-2.741915999999999798e+00 3.077075999999999922e+00 -1.532751999999999892e+00
-1.845874999999999932e+00 -1.739640999999999993e+00 9.350690000000000390e-01
-3.409928999999999988e+00 3.303904000000000174e+00 2.996570999999999874e+00
-1.631192999999999893e+00 -1.424700999999999995e+00 2.387827999999999840e+00
-3.072160999999999920e+00 3.478249999999999953e-01 7.372669000000000139e+00
-4.613427999999999862e+00 1.570409999999999862e-01 6.750725000000000087e+00
-3.744546000000000152e+00 -5.979579999999999895e-01 6.215915999999999997e+00
-1.285727999999999982e+00 -1.071676999999999991e+00 3.172204999999999941e+00
-1.522526000000000046e+00 1.442237999999999909e+00 5.757557000000000258e+00
-4.076204999999999856e+00 2.021005000000000162e+00 5.564735999999999905e+00
-3.607400000000000190e-02 4.413949999999999818e-01 3.424370999999999832e+00
-4.601982999999999713e+00 3.962631000000000014e+00 5.753449999999999953e-01
-7.891869999999999719e-01 -3.683399999999999869e-02 3.683777000000000079e+00
-2.767094999999999860e+00 -4.288629999999999942e-01 6.822286000000000072e+00
-3.114074000000000009e+00 -6.366140000000000132e-01 6.382888999999999591e+00
-1.340948000000000029e+00 8.363169999999999771e-01 4.431242000000000125e+00
-2.635464999999999947e+00 2.482391999999999932e+00 5.387737999999999694e+00
-2.661624000000000212e+00 -2.431499999999999981e-02 7.105617999999999768e+00
-3.858614000000000210e+00 5.137490000000000112e-01 7.279317999999999955e+00
-4.335988000000000397e+00 -5.381289999999999685e-01 6.154378000000000348e+00
-3.117489999999999983e-01 1.336125000000000007e+00 4.559699999999999864e-02
-4.423168999999999684e+00 2.556668000000000163e+00 4.616927999999999699e+00
-3.007740000000000080e+00 2.896656000000000120e+00 4.264850000000000030e+00
-9.854589999999999739e-01 2.723425999999999902e+00 2.532642000000000060e+00
-4.890265999999999558e+00 3.336148000000000113e+00 2.329966999999999899e+00
-3.921870000000000189e+00 3.590326999999999824e+00 1.920887000000000011e+00
-1.208930000000000060e+00 2.034276999999999891e+00 -6.888969999999999816e-01
-3.586869000000000085e+00 3.647225000000000161e+00 4.663999999999999743e-03
-2.802325999999999873e+00 3.619114000000000164e+00 6.695410000000000528e-01
-2.142929000000000084e+00 2.551508999999999805e+00 -1.263910000000000089e+00
-1.810971000000000108e+00 -1.320859000000000005e+00 2.538368999999999875e+00
-3.669052999999999898e+00 3.027509999999999923e-01 -9.593749999999999778e-01
-4.157987999999999573e+00 1.256925000000000070e+00 -1.502475999999999923e+00
-2.921752999999999822e+00 -6.444800000000000528e-01 -4.081759999999999833e-01
-2.214064000000000032e+00 -1.460407000000000011e+00 1.911370000000000013e-01
-4.480234000000000272e+00 2.474514000000000102e+00 -1.789749000000000034e+00
-1.785592999999999986e+00 3.255799000000000110e+00 1.638791000000000109e+00
-1.793355969933405181e+00 -8.702247007150984981e-01 3.368114575134047328e+00
-2.186164969933404922e+00 -1.215307007150985552e-01 3.927106575134047262e+00
-5.767571000000000225e+00 3.499178999999999817e+00 1.078626000000000085e+00
9.808219999999999716e-01 1.678258000000000028e+00 1.974464999999999915e+00
-5.666858999999999646e+00 2.447356999999999783e+00 3.233378999999999781e+00
6.306519999999999904e-01 9.772599999999999343e-02 2.814613000000000032e+00
-5.048723999999999990e+00 3.694345000000000212e+00 -5.902049999999999796e-01
-5.526796000000000042e+00 3.830363000000000184e+00 4.789359999999999729e-01
2.359660000000000091e-01 2.350957000000000185e+00 1.130616999999999983e+00
-5.348891000000000062e+00 1.618951999999999947e+00 4.344394000000000311e+00
-2.041166000000000036e+00 3.285864000000000118e+00 -5.479779999999999651e-01
-5.769701000000000413e+00 2.940587999999999980e+00 2.125615999999999950e+00
-2.951363000000000181e+00 3.586479999999999890e+00 -1.060905999999999905e+00
-3.077682969933404955e+00 1.003629928490144818e-02 4.449968575134048088e+00
-8.159300000000000441e-01 2.892131000000000007e+00 2.249140000000000028e-01
-4.945020999999999667e+00 3.326052999999999926e+00 -1.556262000000000034e+00
-4.174481000000000108e+00 -2.170209999999999917e-01 4.896567000000000114e+00
-5.218885000000000218e+00 6.416420000000000456e-01 5.389311000000000185e+00
-1.684360999999999997e+00 -1.734579000000000093e+00 1.714347999999999983e+00
-1.884076000000000084e+00 -1.685316000000000036e+00 1.735889999999999933e+00
-2.259450999999999876e+00 -8.116480000000000361e-01 1.142365999999999993e+00
-2.052500999999999909e+00 -6.689929999999999488e-01 2.046965999999999841e+00
-2.502956999999999876e+00 -5.412219999999999809e-01 6.054950000000000054e-01
-2.130337293244540131e+00 -1.116038267620131474e+00 1.551737100178729900e+00
-2.474499293244540432e+00 -2.429042676201313977e-01 2.755850100178729889e+00
-2.711894646622269978e+00 3.373898661899343288e-01 3.431853050089364920e+00
-3.277563293244540432e+00 2.568927323798685380e-01 4.000973100178730313e+00
-3.789047000000000054e+00 5.799980000000000135e-01 4.102008999999999794e+00
-4.419940000000000424e+00 1.080721000000000043e+00 4.092009000000000007e+00
-3.240079000000000153e+00 5.817470000000000141e-01 3.117717999999999989e+00
-3.720690999999999971e+00 1.066249999999999920e+00 2.850467000000000084e+00
-2.762315000000000076e+00 2.083830000000000127e-01 2.287439000000000000e+00
-3.052547999999999817e+00 7.477420000000000178e-01 1.900868000000000002e+00
-2.458283999999999914e+00 -1.630890000000000117e-01 1.711853999999999987e+00
-2.871922000000000086e+00 2.945530000000000093e-01 1.261683000000000110e+00
-4.314707000000000292e+00 2.257385000000000197e+00 -9.866629999999999567e-01
-5.188697000000000337e+00 3.177366000000000135e+00 1.113343999999999889e+00
-4.425138999999999712e+00 3.047390000000000043e+00 2.689499999999999877e-02
-4.948724000000000345e+00 3.290284999999999904e+00 6.330519999999999481e-01
-4.371807000000000443e+00 2.701134000000000146e+00 -7.100880000000000525e-01
-3.913892000000000149e+00 1.676566999999999918e+00 -7.914290000000000491e-01
-5.100516999999999967e+00 2.811783000000000143e+00 1.650091999999999892e+00
-3.924688999999999872e+00 2.215533999999999892e+00 -1.922510000000000052e-01
-4.056790000000000340e+00 2.617808000000000135e+00 4.827759999999999829e-01
-4.528686999999999685e+00 2.741045999999999871e+00 1.111344000000000110e+00
-3.549967999999999790e+00 9.483610000000000095e-01 -3.077259999999999995e-01
-3.719342999999999844e+00 2.045077000000000034e+00 1.009188999999999892e+00
-4.240779999999999994e+00 2.151591999999999949e+00 1.754080000000000084e+00
-5.016246999999999900e+00 2.265155000000000030e+00 2.637001000000000150e+00
-3.630037000000000180e+00 1.566799000000000053e+00 3.060019999999999962e-01
-4.790850999999999971e+00 1.672439999999999927e+00 3.448497000000000146e+00
-4.006452000000000346e+00 1.622243000000000102e+00 2.428211999999999815e+00
-3.388449000000000044e+00 1.418164999999999898e+00 1.569941999999999949e+00
-3.236798999999999982e+00 9.260639999999999983e-01 8.370969999999999800e-01
-3.014841999999999800e+00 1.292629999999999890e-01 1.895129999999999870e-01
-1.909135000000000026e+00 8.542309999999999626e-01 5.572454999999999714e+00
-3.691638000000000197e+00 1.483978000000000019e+00 6.476067999999999714e+00
-4.873255000000000337e+00 5.047019999999999840e-01 5.981855000000000366e+00
-3.509659999999999780e+00 -6.709400000000000086e-02 5.303613999999999606e+00
-2.511248999999999842e+00 1.843636999999999970e+00 6.663502000000000258e+00
-4.312205999999999761e+00 -3.951999999999999957e-02 5.520248999999999739e+00
-2.581148999999999916e+00 3.338980999999999977e+00 2.407256999999999980e+00
-3.265165000000000095e+00 3.609776000000000096e+00 1.405410000000000048e+00
-1.900714000000000015e+00 2.891891999999999907e+00 3.504062999999999928e+00
-3.913444999999999840e+00 3.737467000000000095e+00 7.498879999999999990e-01
-1.320024000000000086e+00 2.323580999999999896e+00 4.708228000000000080e+00
-2.070259999999999878e-01 2.127977000000000007e+00 3.593919000000000086e+00
8.555399999999999672e-01 1.043477999999999906e+00 2.782055000000000167e+00
4.020380000000000065e-01 -1.173619999999999941e-01 1.459360999999999908e+00
-1.009314999999999962e+00 -4.945060000000000011e-01 2.367039999999999977e-01
-2.498324999999999907e+00 1.062333999999999889e+00 -9.201559999999999739e-01
-1.703662999999999927e+00 2.614279999999999937e-01 -2.998739999999999739e-01
-3.093421999999999894e+00 1.900476000000000054e+00 -1.393378000000000005e+00
-3.279090000000000060e-01 -1.266515000000000057e+00 1.249735000000000040e+00
-3.614682999999999868e+00 2.839945999999999859e+00 -1.830637999999999987e+00
-3.963070999999999788e+00 3.661850999999999967e+00 -1.387999999999999901e+00
-4.377411000000000385e+00 3.796330000000000204e+00 -4.666339999999999932e-01
-5.321190000000000087e-01 -9.865730000000000333e-01 8.031049999999999578e-01
-1.755659999999999998e-01 1.547460000000000058e+00 4.143628999999999785e+00
-4.214118000000000031e+00 3.632576999999999945e+00 1.302712000000000092e+00
-2.559296999999999933e+00 3.115200000000000191e-01 5.129877999999999716e+00
-5.596538999999999930e+00 -8.006750000000000256e-01 -1.159008999999999956e+00
-8.101864000000000843e+00 9.267769999999999619e-01 3.033529000000000142e+00
-8.204962999999999340e+00 -1.256440000000000001e+00 5.745529999999999804e-01
-4.538007000000000346e+00 -3.343579999999999885e-01 -1.340972000000000053e+00
-6.931001000000000190e+00 -1.403440999999999939e+00 -6.957419999999999716e-01
-7.734937999999999647e+00 -2.468751999999999835e+00 1.373126999999999986e+00
-3.793679000000000023e+00 -1.287708999999999993e+00 -6.803700000000000303e-01
-6.343607000000000440e+00 -2.746525999999999801e+00 8.180900000000000671e-02
-7.742014000000000173e+00 -2.117410000000000125e-01 4.073267999999999667e+00
-6.014821999999999669e+00 2.882390000000000230e-01 -1.738944999999999963e+00
-8.182399000000000200e+00 1.901324000000000014e+00 1.922911999999999955e+00
-8.314930999999999628e+00 -8.121699999999999753e-02 1.956999999999999972e-03
-5.016313000000000244e+00 6.368749999999999689e-01 -1.961454000000000031e+00
-7.318596000000000323e+00 -2.463190000000000102e-01 -1.243710000000000093e+00
-8.584445999999999799e+00 -2.457999999999999907e-01 1.898042999999999925e+00
-8.113407999999999731e+00 -1.536472000000000060e+00 2.876126000000000182e+00
-8.731901000000000579e+00 9.632220000000000226e-01 1.004923999999999928e+00
-5.049821999999999811e+00 -1.989220999999999906e+00 -5.782450000000000090e-01
-6.428906999999999705e+00 1.418182999999999971e+00 -2.195530000000000204e+00
-8.057100000000000151e+00 2.814461999999999797e+00 7.526239999999999597e-01
-8.351644999999999541e+00 9.765209999999999724e-01 -5.725719999999999699e-01
-5.409881999999999636e+00 1.792742999999999975e+00 -2.396488000000000174e+00
-7.691792999999999658e+00 1.209878000000000009e+00 -1.746234000000000064e+00
-8.622422999999999504e+00 1.993660999999999905e+00 -8.128399999999999515e-02
-6.023400293244539405e+00 3.072367732379868599e+00 -2.009198899821269979e+00
-6.870555000000000412e+00 3.027270999999999823e+00 -1.920171000000000072e+00
-7.670228999999999964e+00 3.485844999999999860e+00 -3.344389999999999863e-01
-7.026359000000000243e+00 3.723597999999999963e+00 -1.009819999999999940e+00
-8.006833999999999563e+00 2.827008999999999883e+00 -1.309579000000000049e+00
-7.025989000000000040e+00 3.322283000000000097e+00 1.172477999999999909e+00
-6.858468000000000231e+00 1.748307000000000055e+00 3.495429000000000119e+00
-6.610007999999999662e+00 8.265580000000000149e-01 4.506435999999999886e+00
-7.136198000000000263e+00 2.555787000000000031e+00 2.436573000000000100e+00
-5.079212000000000060e+00 3.951675999999999966e+00 1.536062000000000038e+00
-4.761636000000000202e+00 3.336113999999999802e+00 3.593589000000000144e+00
-2.637119999999999909e+00 3.079397999999999858e+00 -1.779080999999999912e+00
-3.336908000000000207e+00 3.563928999999999903e+00 3.154678000000000093e+00
-4.648861000000000132e+00 4.246342000000000283e+00 6.067040000000000211e-01
-5.037400000000000211e-02 1.282918999999999921e+00 -1.993999999999999939e-01
-4.549509999999999721e+00 2.863967000000000152e+00 4.873672000000000004e+00
-2.921750999999999987e+00 3.174989000000000061e+00 4.471689999999999721e+00
-7.890070000000000139e-01 3.045920999999999879e+00 2.629586999999999897e+00
-4.999163000000000245e+00 3.572207000000000132e+00 2.555155000000000065e+00
-3.840859000000000023e+00 3.846762000000000015e+00 2.057282999999999973e+00
-9.567039999999999988e-01 1.950469999999999926e+00 -9.722680000000000211e-01
-3.457698000000000160e+00 4.048167000000000293e+00 5.404899999999999982e-02
-2.652448000000000139e+00 3.916167000000000176e+00 7.854970000000000008e-01
-1.911081000000000030e+00 2.506823999999999941e+00 -1.537732000000000099e+00
-3.533987000000000211e+00 1.403669999999999918e-01 -1.246254999999999891e+00
-3.995820000000000149e+00 1.179626000000000063e+00 -1.757900000000000018e+00
-2.814884999999999859e+00 -7.346510000000000540e-01 -6.447209999999999885e-01
-4.354608999999999952e+00 2.501663999999999888e+00 -2.058193000000000161e+00
-1.621585999999999972e+00 3.556257000000000001e+00 1.666465000000000085e+00
-5.800609999999999822e+00 2.675499999999999989e+00 3.451445999999999792e+00
5.395889999999999853e-01 2.464871000000000034e+00 1.066311999999999927e+00
-5.523024000000000377e+00 1.838381000000000043e+00 4.584175000000000111e+00
-1.798194000000000070e+00 3.519340000000000135e+00 -6.408460000000000267e-01
-5.911921000000000426e+00 3.254424999999999901e+00 2.340183999999999820e+00
-2.733728999999999854e+00 3.813760999999999957e+00 -1.200843000000000105e+00
-5.350719999999999921e-01 3.056302000000000074e+00 1.853930000000000022e-01
-5.128829999999999778e+00 4.126280999999999644e+00 -7.248850000000000016e-01
-4.876128999999999714e+00 3.705588000000000104e+00 -1.836181999999999981e+00
-1.039323999999999915e+00 -5.997200000000000308e-01 3.650609999999999911e+00
-2.708755000000000024e+00 -2.363088999999999995e+00 4.187197000000000280e+00
-3.787052000000000085e+00 -2.299935000000000063e+00 4.610667000000000293e+00
-2.300321999999999978e+00 -2.291265000000000107e+00 3.266877000000000031e+00
-1.603388999999999953e+00 -1.570775000000000032e+00 2.483058000000000209e+00
-2.676010000000000222e+00 -2.206812000000000218e+00 4.191660999999999859e+00
-3.789544999999999941e+00 -1.714504000000000028e+00 4.977223999999999648e+00
-3.703619000000000216e+00 -7.510649999999999826e-01 6.110599999999999810e+00
-1.268294999999999950e+00 -1.130503999999999953e+00 3.301581000000000099e+00
-1.602508999999999961e+00 -2.271182000000000034e+00 3.735768999999999895e+00
-2.528594000000000008e+00 -2.272218000000000071e+00 4.494464999999999932e+00
-3.519391000000000158e+00 -1.817741999999999969e+00 5.113086000000000020e+00
-3.467445000000000110e+00 -8.847969999999999446e-01 5.028984999999999594e+00
-1.795457000000000081e+00 -1.344457000000000013e+00 4.155452999999999619e+00
-1.773727999999999971e+00 -1.268480999999999970e+00 3.501999000000000084e+00
-3.718579000000000079e+00 -6.959539999999999615e-01 4.557263999999999982e+00
-2.421234000000000108e+00 -5.014669999999999961e-01 4.063729000000000369e+00
-7.079389999999999850e-01 -1.322440000000000004e-01 3.833863000000000021e+00
-2.632432000000000105e+00 -4.873990000000000267e-01 6.754152999999999629e+00
-3.072208999999999968e+00 -7.693950000000000511e-01 6.351676999999999573e+00
-1.216895000000000060e+00 7.506810000000000427e-01 4.569653999999999883e+00
-4.491183000000000369e+00 -4.902969999999999828e-01 6.011300000000000310e+00
-2.367631646622269770e+00 -5.717201338100657004e-01 4.342624050089364474e+00
-2.104146000000000072e+00 -1.937100999999999962e+00 3.111832000000000154e+00
-1.788480999999999987e+00 -1.520154999999999923e+00 2.610233000000000025e+00
-1.681287646622270149e+00 -9.828341338100656799e-01 3.463592050089364882e+00
-2.037389999999999812e+00 -1.892560000000000076e-01 4.084979999999999833e+00
-4.504172999999999760e+00 -7.122929999999999540e-01 4.947206999999999688e+00
-2.951010999999999829e+00 -3.060200000000000073e-02 4.650061000000000000e+00
-4.289483999999999853e+00 -3.611099999999999866e-01 5.114499999999999602e+00
-4.538453999999999766e+00 -2.186186999999999880e+00 4.920785999999999660e+00
-5.006200999999999901e+00 -1.453478999999999965e+00 5.027120000000000033e+00
-2.239590999999999887e+00 -2.502807999999999922e+00 2.692469000000000001e+00
-1.691550000000000109e+00 -1.927297000000000038e+00 1.733813000000000049e+00
-2.001380646622270110e+00 -2.349436133810065552e+00 2.070612050089365219e+00
-1.835226000000000024e+00 -1.910187000000000079e+00 1.716306000000000109e+00
-1.307363000000000053e+00 -1.883825000000000083e+00 1.193899999999999961e+00
-2.432293000000000038e+00 -2.924234000000000222e+00 2.209023999999999877e+00
-1.779307999999999890e+00 -1.910573999999999995e+00 7.860570000000000057e-01
-2.258671000000000095e+00 -2.347068999999999850e+00 8.936450000000000227e-01
-4.790517000000000358e+00 2.556140000000000079e-01 6.653812000000000282e+00
-5.255747000000000391e+00 -2.576678999999999942e+00 4.916392000000000095e+00
-6.810011000000000259e+00 -1.476331000000000060e+00 4.912050999999999945e+00
-6.085651999999999617e+00 -2.723949999999999982e-01 5.197720000000000340e+00
-5.476512999999999742e+00 5.363660000000000094e-01 5.536508000000000429e+00
-2.870124000000000120e+00 -3.144067999999999863e+00 1.897806000000000104e+00
-4.320597000000000243e+00 -4.064968000000000359e+00 2.347825999999999969e+00
-4.825109999999999566e+00 -3.950438999999999812e+00 3.018997000000000153e+00
-7.040289999999999715e+00 -2.625952999999999982e+00 3.708095000000000141e+00
-6.617621999999999893e+00 -3.651275000000000048e+00 2.301660000000000039e+00
-5.398385000000000211e+00 -3.997297999999999796e+00 1.022405000000000008e+00
-2.873635000000000161e+00 -2.241347000000000200e+00 2.504999999999999935e-02
-3.400999999999999801e+00 -3.595320000000000071e+00 1.887820999999999971e+00
-5.531038999999999817e+00 -3.505927999999999933e+00 4.049330999999999570e+00
-4.209412999999999627e+00 -3.315488000000000213e+00 4.354310000000000125e-01
4.451089999999999769e-01 -6.374640000000000306e-01 1.645588000000000051e+00
4.057200000000000251e-01 4.072379999999999889e-01 6.938130000000000130e-01
-1.536299999999999992e-02 1.561045000000000016e+00 4.368451000000000306e+00
1.046460000000000029e-01 3.791740000000000110e-01 3.642602999999999813e+00
-2.036204999999999821e+00 -1.653926999999999925e+00 -2.856500000000000011e-02
1.303285000000000027e+00 1.795795000000000030e+00 1.957586000000000048e+00
8.367200000000000193e-01 4.333800000000000152e-02 2.983824999999999950e+00
-3.101255999999999791e+00 5.324820000000000109e-01 7.528274999999999828e+00
-4.088200999999999752e+00 2.285737999999999825e+00 5.876509000000000427e+00
-2.530031999999999837e+00 2.775846000000000036e+00 5.553970999999999769e+00
-2.504633000000000109e+00 -3.586199999999999805e-02 7.131204999999999572e+00
-3.945187999999999917e+00 6.678690000000000460e-01 7.401416000000000217e+00
-1.796489000000000003e+00 7.507800000000000029e-01 5.571541999999999994e+00
-3.391467000000000009e+00 -1.131299999999999945e-01 5.171973999999999627e+00
-2.516839000000000048e+00 1.325639999999999874e-01 5.121571999999999569e+00
-4.379026999999999781e+00 -1.794590000000000074e-01 5.502031999999999812e+00
-3.694939999999999891e+00 1.718064999999999953e+00 6.729258999999999880e+00
-5.155014000000000429e+00 5.149350000000000316e-01 6.050731999999999999e+00
-2.458022999999999847e+00 2.024289000000000005e+00 6.855068000000000161e+00
-1.309083378215310844e+00 1.457420942786715967e+00 6.001233694963275411e+00
6.432590000000000252e-01 -2.004809999999999925e-01 1.380271000000000026e+00
1.092486999999999986e+00 1.020480000000000054e+00 2.953526000000000096e+00
4.723800000000000221e-02 2.438852999999999938e+00 3.740847000000000033e+00
-1.185697000000000001e+00 2.564725000000000144e+00 4.882232000000000127e+00
-1.811544000000000043e+00 3.123984000000000094e+00 3.618325000000000014e+00
-2.471522999999999914e+00 3.595369999999999955e+00 2.476526999999999923e+00
-3.214596999999999927e+00 3.858725000000000183e+00 1.488995999999999986e+00
-5.662899000000000349e+00 4.116909999999999847e+00 4.302869999999999751e-01
-3.821416999999999842e+00 4.059829999999999828e+00 7.922989999999999755e-01
-6.625557999999999836e+00 3.777897999999999978e+00 1.910419999999999896e-01
-6.206143293244539727e+00 3.818004732379868482e+00 -8.167828998212701697e-01
-5.946659000000000361e+00 3.730913999999999842e+00 1.413145000000000095e+00
-1.500269999999999992e+00 1.056269999999999987e-01 -6.098770000000000024e-01
-7.817840000000000344e-01 -6.531479999999999508e-01 -7.415099999999999469e-02
-2.333559999999999857e+00 9.601110000000000477e-01 -1.168528000000000011e+00
-2.943563000000000152e+00 1.789706000000000019e+00 -1.626530000000000031e+00
-3.568840999999999930e+00 2.857488000000000028e+00 -2.023880000000000123e+00
-4.312343000000000259e+00 4.065765999999999991e+00 -4.811940000000000106e-01
-3.849323000000000050e+00 3.919535000000000213e+00 -1.529258999999999924e+00
-2.236839999999999939e-01 -1.400527000000000077e+00 1.090268000000000015e+00
-3.946140000000000203e-01 -1.135218000000000060e+00 6.010450000000000514e-01
-4.154272999999999882e+00 3.945374999999999854e+00 1.380579999999999918e+00
